个体:
125   31    3  102   52   44  123   97   13   17   15   78  124    2   50  116   66   23   24  126  108   62   85  117   95  121   77    7   41   29  119   45   69   61   90   38   60   96   93  127   86   43   83   21   75   74   14   49   82   56  125  126  127  125  126  127  125  126  127  125  126  127  125    6   70  115   88   89  105   51   34  126   26  127  125  126  127  106  112   91   18  125  126   48   54   64  101   20   84   76  111  127   57  120  113   33    5   32  125  126   67   72  104   71   98   53  127  125  126   30   27   55    1   46   63   79   36  109   25  118   68   94   47   22   40   65   80   58    4  107  127  125   28   92   81   87  114   11   19    9   59  126   37  103   12   39    8   10  127   35  100   99  110  122   73   16   42
卡车1 距离2166.00 负载673.00 工作时长57.49 路线:125   31    3  102   52   44  123   97   13   17   15   78  124    2   50  116   66   23   24  125
卡车每点到达时刻:0.00	13.06	14.40	15.02	15.96	16.52	16.88	17.54	18.54	21.44	21.78	22.76	23.68	31.49	38.97	40.29	41.23	45.09	47.95	57.49
卡车每点离开时刻:0.00	13.06	14.40	15.02	15.96	16.52	16.88	17.54	18.54	21.44	21.78	22.76	31.13	38.21	38.97	40.29	41.23	45.09	47.95	57.49
卡车每点等待时长:0.00	0.00	0.00	0.00	0.00	0.00	0.00	0.00	0.00	0.00	0.00	0.00	7.45	6.72	0.00	0.00	0.00	0.00	0.00	0.00
卡车2 距离2930.00 负载918.00 工作时长43.04 路线:126  108   62   85  117   95  121   77    7   41   29  119   45   69   61   90   38   60   96   93  126
卡车每点到达时刻:0.00	15.56	18.54	19.64	20.16	23.36	25.24	26.34	26.42	26.88	27.50	28.20	28.64	29.40	34.86	42.64	43.46	44.28	45.78	47.50	58.60
卡车每点离开时刻:0.00	15.56	18.54	19.64	20.16	23.36	25.24	26.34	26.42	26.88	27.50	28.20	28.64	29.40	34.86	42.64	43.46	44.28	45.78	47.50	58.60
卡车每点等待时长:0.00	0.00	0.00	0.00	0.00	0.00	0.00	0.00	0.00	0.00	0.00	0.00	0.00	0.00	0.00	0.00	0.00	0.00	0.00	0.00	0.00
卡车3 距离2930.00 负载583.00 工作时长39.94 路线:127   86   43   83   21   75   74   14   49   82   56  127
卡车每点到达时刻:0.00	14.22	18.66	26.08	27.04	29.30	43.12	44.54	46.58	48.20	49.16	58.60
卡车每点离开时刻:0.00	14.22	18.66	26.08	27.04	29.30	43.12	44.54	46.58	48.20	49.16	58.60
卡车每点等待时长:0.00	0.00	0.00	0.00	0.00	0.00	0.00	0.00	0.00	0.00	0.00	0.00
卡车1	无人机1	第01次	距离627.86	负载289.00	到达时刻0.00  	离开时刻22.76 	完成时刻31.13 	等待时长22.76 	路线:78   28   92   81   87  114   11   19    9   59  124
卡车1	无人机1	第02次	距离531.26	负载216.00	到达时刻31.13 	离开时刻31.13 	完成时刻38.21 	等待时长0.00  	路线:124    6   70  115   88   89  105   51   34    2
卡车2	无人机1	第01次	距离766.34	负载96.00	到达时刻0.00  	离开时刻0.00  	完成时刻10.22 	等待时长0.00  	路线:126   26  108
卡车2	无人机1	第02次	距离749.90	负载489.00	到达时刻10.22 	离开时刻15.56 	完成时刻25.56 	等待时长5.34  	路线:108   30   27   55    1   46   63   79   36  109   25  118   68   94   47   22   40   65   80   58    4  107   77
卡车2	无人机1	第03次	距离209.49	负载293.00	到达时刻25.56 	离开时刻26.34 	完成时刻29.13 	等待时长0.78  	路线:77   67   72  104   71   98   53   69
卡车2	无人机1	第04次	距离407.15	负载489.00	到达时刻29.13 	离开时刻29.40 	完成时刻34.83 	等待时长0.27  	路线:69   37  103   12   39    8   10   61
卡车2	无人机1	第05次	距离935.08	负载259.00	到达时刻34.83 	离开时刻34.86 	完成时刻47.33 	等待时长0.03  	路线:61   48   54   64  101   20   84   76  111   93
卡车3	无人机1	第01次	距离491.60	负载319.00	到达时刻0.00  	离开时刻18.66 	完成时刻25.21 	等待时长18.66 	路线:43  106  112   91   18   21
卡车3	无人机1	第02次	距离164.45	负载427.00	到达时刻25.21 	离开时刻27.04 	完成时刻29.23 	等待时长1.83  	路线:21   57  120  113   33    5   32   75
卡车3	无人机1	第03次	距离989.38	负载485.00	到达时刻29.23 	离开时刻29.30 	完成时刻42.49 	等待时长0.07  	路线:75   35  100   99  110  122   73   16   42   74
卡车容量约束:-0.00 无人机容量约束:-0.00 卡车最大行驶距离约束:-0.00 无人机最大行驶距离约束:-0.00 无人机同一起终点约束:0.00
卡车总路程C1:8026.0000 无人机总路程C2:5872.5059 完成时间C3:58.6000 目标函数:58.60
