个体:
125   31    3  102   52   44  123   97   13   17   15   78  124    2   50  116   66   23   24  126  108   62   85  117   95   20   77    7   41   29  119   45   69   61   90   38   60   96   93  127   86   43   83   21   75   74   14   49   82   56  125  126  127  125   28   87  114   11   19    9   59  126   67   72  104   71   98   53  127   32  113   35  100   99   16   81   92   42  125  126   48   54   64  101  121   84   76  111  127  125  126  127  125  126  127  125  126  127  125  126   26  127   18   57  120   33    5  125  126   37  103   12   39    8   10  127  125    6   70  115   88   89  105   51   34  126  127  125  126   30   27   55    1   46   63   79   36  109   25  118   68   94   47   22   40   65   80   58    4  107  127  106   73  110  122  112   91
卡车1 距离2166.00 负载673.00 工作时长55.77 路线:125   31    3  102   52   44  123   97   13   17   15   78  124    2   50  116   66   23   24  125
卡车每点到达时刻:0.00	13.06	14.40	15.02	15.96	16.52	16.88	17.54	18.54	21.44	21.78	22.76	23.68	29.76	37.25	38.57	39.51	43.37	46.23	55.77
卡车每点离开时刻:0.00	13.06	14.40	15.02	15.96	16.52	16.88	17.54	18.54	21.44	21.78	22.76	29.40	36.49	37.25	38.57	39.51	43.37	46.23	55.77
卡车每点等待时长:0.00	0.00	0.00	0.00	0.00	0.00	0.00	0.00	0.00	0.00	0.00	0.00	5.72	6.72	0.00	0.00	0.00	0.00	0.00	0.00
卡车2 距离2930.00 负载895.00 工作时长43.04 路线:126  108   62   85  117   95   20   77    7   41   29  119   45   69   61   90   38   60   96   93  126
卡车每点到达时刻:0.00	15.56	18.54	19.64	20.16	23.36	25.52	26.34	26.42	26.88	27.50	28.20	28.64	29.40	34.86	42.64	43.46	44.28	45.78	47.50	58.60
卡车每点离开时刻:0.00	15.56	18.54	19.64	20.16	23.36	25.52	26.34	26.42	26.88	27.50	28.20	28.64	29.40	34.86	42.64	43.46	44.28	45.78	47.50	58.60
卡车每点等待时长:0.00	0.00	0.00	0.00	0.00	0.00	0.00	0.00	0.00	0.00	0.00	0.00	0.00	0.00	0.00	0.00	0.00	0.00	0.00	0.00	0.00
卡车3 距离2930.00 负载583.00 工作时长39.94 路线:127   86   43   83   21   75   74   14   49   82   56  127
卡车每点到达时刻:0.00	14.22	18.66	26.08	27.04	29.30	43.12	44.54	46.58	48.20	49.16	58.60
卡车每点离开时刻:0.00	14.22	18.66	26.08	27.04	29.30	43.12	44.54	46.58	48.20	49.16	58.60
卡车每点等待时长:0.00	0.00	0.00	0.00	0.00	0.00	0.00	0.00	0.00	0.00	0.00	0.00
卡车1	无人机1	第01次	距离498.23	负载234.00	到达时刻0.00  	离开时刻22.76 	完成时刻29.40 	等待时长22.76 	路线:78   28   87  114   11   19    9   59  124
卡车1	无人机1	第02次	距离531.26	负载216.00	到达时刻29.40 	离开时刻29.40 	完成时刻36.49 	等待时长0.00  	路线:124    6   70  115   88   89  105   51   34    2
卡车2	无人机1	第01次	距离766.34	负载96.00	到达时刻0.00  	离开时刻0.00  	完成时刻10.22 	等待时长0.00  	路线:126   26  108
卡车2	无人机1	第02次	距离749.90	负载489.00	到达时刻10.22 	离开时刻15.56 	完成时刻25.56 	等待时长5.34  	路线:108   30   27   55    1   46   63   79   36  109   25  118   68   94   47   22   40   65   80   58    4  107   77
卡车2	无人机1	第03次	距离209.49	负载293.00	到达时刻25.56 	离开时刻26.34 	完成时刻29.13 	等待时长0.78  	路线:77   67   72  104   71   98   53   69
卡车2	无人机1	第04次	距离407.15	负载489.00	到达时刻29.13 	离开时刻29.40 	完成时刻34.83 	等待时长0.27  	路线:69   37  103   12   39    8   10   61
卡车2	无人机1	第05次	距离929.16	负载282.00	到达时刻34.83 	离开时刻34.86 	完成时刻47.25 	等待时长0.03  	路线:61   48   54   64  101  121   84   76  111   93
卡车3	无人机1	第01次	距离534.07	负载428.00	到达时刻0.00  	离开时刻18.66 	完成时刻25.78 	等待时长18.66 	路线:43  106   73  110  122  112   91   21
卡车3	无人机1	第02次	距离158.65	负载383.00	到达时刻25.78 	离开时刻27.04 	完成时刻29.16 	等待时长1.26  	路线:21   18   57  120   33    5   75
卡车3	无人机1	第03次	距离994.75	负载475.00	到达时刻29.16 	离开时刻29.30 	完成时刻42.56 	等待时长0.14  	路线:75   32  113   35  100   99   16   81   92   42   74
卡车容量约束:-0.00 无人机容量约束:-0.00 卡车最大行驶距离约束:-0.00 无人机最大行驶距离约束:-0.00 无人机同一起终点约束:0.00
卡车总路程C1:8026.0000 无人机总路程C2:5779.0148 完成时间C3:58.6000 目标函数:58.60
