个体:
200   76   40  125  154   78  121   10   31   32   20   74   45    5  113   48  178   63   58   28   84  179  185   77   70  188  163   57   46  194   68   67   62  151   72  145  109    4  129   65   27   85   88  106   18  201   92  158  135  153  115  101   42   82  123    7  134   87   25  176   37  127  144    9   29  202   80   44   86  165  139  124    1   90  112  174  164   21   64   47   96  137  143  141   36   60  126   16  100  168  157   81  133  117    6  170   75  102  119  169  171   59   23  196  118  203  136   91   34   15   33   51   22  189  116  104   93   95  128   13  199  184  166   41   66   24  132  191  159   54  195  156   94  180   98   83  190  111  186  200  201  202  203  200  201  202  108  110  203   73  120  200  201  140  131  202  175  197  203    3  200  201  202  203  200  201  187  193  202   99   69  203  103  200  162   11  201  173  202  203  200   12   79  201  202  192  107    2  203   50   35  200   14   17   55  142  150  201  202  203  200  201  122  148  160  202  203  114  146  149  200  201   52  202  203  200  201   89   19   30  202  203  200  201  130  147   53   39  182  202  203  177  161   71  200  201  202   61   49  172  203  200  201  202  203  155  105  183  200  201   38  202  203  200  201  202  203  200  201  202  138  181  203  167   26  200  201  202  203  200  201   97  152  202  203  198    8  200  201   43   56  202  203
卡车1 距离2652.00 负载3141.00 工作时长55.39 路线:200   76   40  125  154   78  121   10   31   32   20   74   45    5  113   48  178   63   58   28   84  179  185   77   70  188  163   57   46  194   68   67   62  151   72  145  109    4  129   65   27   85   88  106   18  200
卡车每点到达时刻:0.00	 5.58	 7.54	 8.38	10.42	10.78	11.42	13.72	14.82	15.70	16.06	17.08	17.94	18.56	19.32	19.50	19.78	19.98	20.10	20.40	20.78	21.24	22.95	24.27	24.81	25.49	26.59	27.89	29.15	30.81	32.83	34.05	34.63	34.77	36.21	36.31	37.41	37.79	39.49	40.31	41.13	41.55	42.75	43.39	45.71	55.39
卡车每点离开时刻:0.00	 5.58	 7.54	 8.38	10.42	10.78	11.42	13.72	14.82	15.70	16.06	17.08	17.94	18.56	19.32	19.50	19.78	19.98	20.10	20.40	20.78	22.31	22.95	24.27	24.81	25.49	26.59	27.89	29.15	30.81	32.83	34.05	34.63	34.77	36.21	36.31	37.41	39.07	39.49	40.31	41.13	41.55	42.75	43.39	45.71	55.39
卡车每点等待时长:0.00	0.00	0.00	0.00	0.00	0.00	0.00	0.00	0.00	0.00	0.00	0.00	0.00	0.00	0.00	0.00	0.00	0.00	0.00	0.00	0.00	1.07	0.00	0.00	0.00	0.00	0.00	0.00	0.00	0.00	0.00	0.00	0.00	0.00	0.00	0.00	0.00	1.27	0.00	0.00	0.00	0.00	0.00	0.00	0.00	0.00
卡车2 距离2698.00 负载1365.00 工作时长50.22 路线:201   92  158  135  153  115  101   42   82  123    7  134   87   25  176   37  127  144    9   29  201
卡车每点到达时刻:0.00	 5.52	13.72	18.12	18.92	19.66	21.28	22.48	22.56	24.76	27.56	28.50	29.24	34.50	35.72	36.66	37.32	39.16	41.04	42.62	55.74
卡车每点离开时刻:0.00	 5.52	13.72	18.12	18.92	19.66	21.28	22.48	22.56	24.76	27.56	28.50	31.02	34.50	35.72	36.66	37.32	39.16	41.04	42.62	55.74
卡车每点等待时长:0.00	0.00	0.00	0.00	0.00	0.00	0.00	0.00	0.00	0.00	0.00	0.00	1.78	0.00	0.00	0.00	0.00	0.00	0.00	0.00	0.00
卡车3 距离2672.00 负载3109.00 工作时长39.31 路线:202   80   44   86  165  139  124    1   90  112  174  164   21   64   47   96  137  143  141   36   60  126   16  100  168  157   81  133  117    6  170   75  102  119  169  171   59   23  196  118  202
卡车每点到达时刻:0.00	15.46	15.88	17.02	17.74	18.14	18.68	19.30	19.68	20.28	20.66	21.42	21.60	22.16	22.82	23.86	24.30	24.58	25.49	26.51	27.15	27.81	28.69	29.57	29.83	31.13	31.85	32.09	33.23	33.51	34.05	34.81	35.35	36.73	37.15	37.29	38.43	38.73	39.87	43.49	55.19
卡车每点离开时刻:0.00	15.46	16.30	17.02	17.74	18.14	18.68	19.30	19.68	20.28	20.66	21.42	21.60	22.16	22.82	23.86	24.30	25.23	25.49	26.51	27.15	27.81	28.69	29.57	30.51	31.13	31.85	32.09	33.23	33.51	34.05	34.81	35.35	36.73	37.15	37.29	38.43	38.73	39.87	43.49	55.19
卡车每点等待时长:0.00	0.00	0.42	0.00	0.00	0.00	0.00	0.00	0.00	0.00	0.00	0.00	0.00	0.00	0.00	0.00	0.00	0.65	0.00	0.00	0.00	0.00	0.00	0.00	0.68	0.00	0.00	0.00	0.00	0.00	0.00	0.00	0.00	0.00	0.00	0.00	0.00	0.00	0.00	0.00	0.00
卡车4 距离2710.00 负载2411.00 工作时长40.12 路线:203  136   91   34   15   33   51   22  189  116  104   93   95  128   13  199  184  166   41   66   24  132  191  159   54  195  156   94  180   98   83  190  111  186  203
卡车每点到达时刻:0.00	14.02	14.54	15.34	16.40	17.71	18.01	18.21	18.57	19.11	19.87	20.35	21.19	22.23	22.53	22.83	23.01	23.73	24.11	24.25	24.49	26.27	26.55	28.45	29.59	29.75	30.85	31.71	31.79	32.71	32.93	40.45	45.33	48.65	55.46
卡车每点离开时刻:0.00	14.02	14.54	15.34	16.93	17.71	18.01	18.21	18.57	19.11	19.87	20.35	21.19	22.23	22.53	22.83	23.01	23.73	24.11	24.25	24.49	26.27	27.19	28.45	29.59	29.75	30.85	31.71	31.79	32.71	32.93	40.45	45.33	48.74	55.46
卡车每点等待时长:0.00	0.00	0.00	0.00	0.53	0.00	0.00	0.00	0.00	0.00	0.00	0.00	0.00	0.00	0.00	0.00	0.00	0.00	0.00	0.00	0.00	0.00	0.64	0.00	0.00	0.00	0.00	0.00	0.00	0.00	0.00	0.00	0.00	0.09	0.00
卡车1	无人机1	第01次	距离203.79	负载160.00	到达时刻0.00  	离开时刻15.70 	完成时刻18.42 	等待时长15.70 	路线:32  12  79  84
卡车1	无人机2	第01次	距离115.02	负载186.00	到达时刻0.00  	离开时刻20.78 	完成时刻22.31 	等待时长20.78 	路线:84  162   11  179
卡车1	无人机2	第02次	距离206.62	负载185.00	到达时刻22.31 	离开时刻36.31 	完成时刻39.07 	等待时长14.00 	路线:145   14   17   55  142  150    4
卡车2	无人机1	第01次	距离199.60	负载178.00	到达时刻0.00  	离开时刻19.66 	完成时刻22.32 	等待时长19.66 	路线:115   97  152   42
卡车2	无人机1	第02次	距离176.85	负载168.00	到达时刻22.32 	离开时刻22.48 	完成时刻24.84 	等待时长0.16  	路线:42  140  131    7
卡车2	无人机1	第03次	距离68.01	负载67.00	到达时刻24.84 	离开时刻27.56 	完成时刻28.47 	等待时长2.72  	路线:7   38  134
卡车2	无人机1	第04次	距离155.46	负载137.00	到达时刻28.47 	离开时刻28.50 	完成时刻30.57 	等待时长0.03  	路线:134  187  193   87
卡车2	无人机1	第05次	距离210.53	负载200.00	到达时刻30.57 	离开时刻30.57 	完成时刻33.38 	等待时长0.00  	路线:87  89  19  30  25
卡车2	无人机1	第06次	距离293.41	负载182.00	到达时刻33.38 	离开时刻34.50 	完成时刻38.41 	等待时长1.12  	路线:25  122  148  160  144
卡车2	无人机2	第01次	距离30.16	负载76.00	到达时刻0.00  	离开时刻18.92 	完成时刻19.32 	等待时长18.92 	路线:153  173  115
卡车2	无人机2	第02次	距离280.29	负载194.00	到达时刻19.32 	离开时刻19.66 	完成时刻23.40 	等待时长0.34  	路线:115  130  147   53   39  182  123
卡车2	无人机2	第03次	距离469.38	负载22.00	到达时刻23.40 	离开时刻24.76 	完成时刻31.02 	等待时长1.36  	路线:123   52   87
卡车2	无人机2	第04次	距离261.39	负载156.00	到达时刻31.02 	离开时刻31.02 	完成时刻34.50 	等待时长0.00  	路线:87  43  56  37
卡车3	无人机1	第01次	距离102.70	负载168.00	到达时刻0.00  	离开时刻23.86 	完成时刻25.23 	等待时长23.86 	路线:96  175  197  143
卡车3	无人机1	第02次	距离187.65	负载195.00	到达时刻25.23 	离开时刻25.23 	完成时刻27.73 	等待时长0.00  	路线:143  192  107    2  100
卡车3	无人机1	第03次	距离70.61	负载168.00	到达时刻27.73 	离开时刻29.57 	完成时刻30.51 	等待时长1.84  	路线:100  138  181  168
卡车3	无人机1	第04次	距离113.42	负载169.00	到达时刻30.51 	离开时刻30.51 	完成时刻32.02 	等待时长0.00  	路线:168   99   69  133
卡车3	无人机1	第05次	距离215.29	负载198.00	到达时刻32.02 	离开时刻32.09 	完成时刻34.96 	等待时长0.07  	路线:133   61   49  172  119
卡车3	无人机2	第01次	距离63.09	负载142.00	到达时刻0.00  	离开时刻15.46 	完成时刻16.30 	等待时长15.46 	路线:80  108  110   44
卡车4	无人机1	第01次	距离39.98	负载73.00	到达时刻0.00  	离开时刻18.57 	完成时刻19.11 	等待时长18.57 	路线:189    3  116
卡车4	无人机1	第02次	距离87.32	负载180.00	到达时刻19.11 	离开时刻19.11 	完成时刻20.28 	等待时长0.01  	路线:116   50   35   93
卡车4	无人机1	第03次	距离82.08	负载154.00	到达时刻20.28 	离开时刻20.35 	完成时刻21.45 	等待时长0.08  	路线:93  198    8  166
卡车4	无人机1	第04次	距离181.16	负载187.00	到达时刻21.45 	离开时刻23.73 	完成时刻26.15 	等待时长2.29  	路线:166  114  146  149  132
卡车4	无人机1	第05次	距离68.65	负载99.00	到达时刻26.15 	离开时刻26.27 	完成时刻27.19 	等待时长0.12  	路线:132  103  191
卡车4	无人机1	第06次	距离255.62	负载62.00	到达时刻27.19 	离开时刻45.33 	完成时刻48.74 	等待时长18.14 	路线:111  167   26  186
卡车4	无人机2	第01次	距离119.45	负载192.00	到达时刻0.00  	离开时刻15.34 	完成时刻16.93 	等待时长15.34 	路线:34  177  161   71   15
卡车4	无人机2	第02次	距离141.65	负载199.00	到达时刻16.93 	离开时刻16.93 	完成时刻18.82 	等待时长0.00  	路线:15  155  105  183  156
卡车4	无人机2	第03次	距离53.60	负载140.00	到达时刻18.82 	离开时刻30.85 	完成时刻31.56 	等待时长12.03 	路线:156   73  120   94
卡车容量约束:-0.00 无人机容量约束:0.00 卡车最大行驶距离约束:-0.00 无人机最大行驶距离约束:-0.00 无人机同一起终点约束:0.00
卡车总路程C1:10732.0000 无人机总路程C2:4452.7666 完成时间C3:55.7383 目标函数:55.74
