个体:
200   76   40  125  154   78  121   20   32   74   45    5  113   48   63  178   84  179   28   58   77   70  188  163   57   46  194   68   67   62  151   72  145   14  142    4  129   65   27   85   88  106   18  201   92  158  135  153  173  195  101   42   82  123    7  134   87   25  176   37  127  144    9   29  202   80   44   86  165  139  124    1   90  112  174  164   21   64   47   96  137  143  141   36   60  126   16  100  168  157   81  133  117    6  170   75  102  119  169  171   23   59  196  118  203  136   91  177   34   15   33   51   22  189  116  104   93   95  128   13  199  184    8  166   41   66   24  191  132  159   54  115  156   94  180   98   83  190  111  186  200  201  140  131  202  203  161   71  200  201  130  147   53   39  182  202  108  110  203  103  200  162   11  201   38  202  175  197  203  155    3  200   12   79  201   52  202  203  200  201  187  193  202  192  107    2  203   50   35  200   10   31  201   43   56  202  203  105  198  200  185  201   89   19   30  202  138  181  203  183  200  201  202  203  200   17   55  150  201  122  148  160  202   99   69  203  167   26  200  201  202  203  200  109  201  202   61   49  172  203  200  201  202  203  200  201  202  203   73  120  200  201  202  203  200  201  202  203  200  201  202  203  200  201  202  203  200  201  202  203  114  146  149  200  201   97  152  202  203  200  201  202  203
卡车1 距离2636.00 负载2964.00 工作时长55.45 路线:200   76   40  125  154   78  121   20   32   74   45    5  113   48   63  178   84  179   28   58   77   70  188  163   57   46  194   68   67   62  151   72  145   14  142    4  129   65   27   85   88  106   18  200
卡车每点到达时刻:0.00	 5.58	 7.54	 8.38	10.42	10.78	11.42	14.30	14.66	17.02	17.88	18.50	19.26	19.44	19.52	19.72	20.20	20.66	22.29	22.85	23.87	24.41	25.09	26.19	27.49	28.75	30.41	32.43	33.65	34.23	34.37	35.81	35.91	37.03	37.95	38.91	39.55	40.37	41.19	41.61	42.81	43.45	45.77	55.45
卡车每点离开时刻:0.00	 5.58	 7.54	 8.38	10.42	10.78	11.42	14.30	15.84	17.02	17.88	18.50	19.26	19.44	19.52	19.72	20.20	21.73	22.55	22.85	23.87	24.41	25.09	26.19	27.49	28.75	30.41	32.43	33.65	34.23	34.37	35.81	35.91	37.03	37.95	39.13	39.55	40.37	41.19	41.61	42.81	43.45	45.77	55.45
卡车每点等待时长:0.00	0.00	0.00	0.00	0.00	0.00	0.00	0.00	1.18	0.00	0.00	0.00	0.00	0.00	0.00	0.00	0.00	1.07	0.26	0.00	0.00	0.00	0.00	0.00	0.00	0.00	0.00	0.00	0.00	0.00	0.00	0.00	0.00	0.00	0.00	0.22	0.00	0.00	0.00	0.00	0.00	0.00	0.00	0.00
卡车2 距离2698.00 负载1414.00 工作时长50.22 路线:201   92  158  135  153  173  195  101   42   82  123    7  134   87   25  176   37  127  144    9   29  201
卡车每点到达时刻:0.00	 5.52	13.72	18.12	18.92	19.28	20.18	21.28	22.48	22.56	24.76	27.56	28.50	29.24	34.50	35.72	36.66	37.32	39.16	41.04	42.62	55.74
卡车每点离开时刻:0.00	 5.52	13.72	18.12	18.92	19.28	20.18	21.28	22.48	22.56	24.76	27.56	28.50	31.02	34.50	35.72	36.66	37.32	39.16	41.04	42.62	55.74
卡车每点等待时长:0.00	0.00	0.00	0.00	0.00	0.00	0.00	0.00	0.00	0.00	0.00	0.00	0.00	1.78	0.00	0.00	0.00	0.00	0.00	0.00	0.00	0.00
卡车3 距离2682.00 负载3109.00 工作时长39.51 路线:202   80   44   86  165  139  124    1   90  112  174  164   21   64   47   96  137  143  141   36   60  126   16  100  168  157   81  133  117    6  170   75  102  119  169  171   23   59  196  118  202
卡车每点到达时刻:0.00	15.46	15.88	17.02	17.74	18.14	18.68	19.30	19.68	20.28	20.66	21.42	21.60	22.16	22.82	23.86	24.30	24.58	25.49	26.51	27.15	27.81	28.69	29.57	29.83	31.13	31.85	32.09	33.23	33.51	34.05	34.81	35.35	36.73	37.15	37.29	38.53	38.83	40.07	43.69	55.39
卡车每点离开时刻:0.00	15.46	16.30	17.02	17.74	18.14	18.68	19.30	19.68	20.28	20.66	21.42	21.60	22.16	22.82	23.86	24.30	25.23	25.49	26.51	27.15	27.81	28.69	29.57	30.51	31.13	31.85	32.09	33.23	33.51	34.05	34.81	35.35	36.73	37.15	37.29	38.53	38.83	40.07	43.69	55.39
卡车每点等待时长:0.00	0.00	0.42	0.00	0.00	0.00	0.00	0.00	0.00	0.00	0.00	0.00	0.00	0.00	0.00	0.00	0.00	0.65	0.00	0.00	0.00	0.00	0.00	0.00	0.68	0.00	0.00	0.00	0.00	0.00	0.00	0.00	0.00	0.00	0.00	0.00	0.00	0.00	0.00	0.00	0.00
卡车4 距离2748.00 负载2573.00 工作时长40.30 路线:203  136   91  177   34   15   33   51   22  189  116  104   93   95  128   13  199  184    8  166   41   66   24  191  132  159   54  115  156   94  180   98   83  190  111  186  203
卡车每点到达时刻:0.00	14.02	14.54	15.38	15.82	16.88	17.66	17.96	18.16	18.52	19.06	19.82	20.30	21.14	22.18	22.48	22.78	22.96	23.40	23.80	24.18	24.32	24.56	26.38	26.66	28.52	29.66	30.50	31.08	31.94	32.02	32.94	33.16	40.68	45.56	48.88	55.68
卡车每点离开时刻:0.00	14.02	14.54	15.38	15.82	16.88	17.66	17.96	18.16	18.52	19.06	19.82	20.30	21.14	22.18	22.48	22.78	22.96	23.40	23.80	24.18	24.32	24.56	26.38	27.30	28.52	29.66	30.50	31.08	31.94	32.02	32.94	33.16	40.68	45.56	48.96	55.68
卡车每点等待时长:0.00	0.00	0.00	0.00	0.00	0.00	0.00	0.00	0.00	0.00	0.00	0.00	0.00	0.00	0.00	0.00	0.00	0.00	0.00	0.00	0.00	0.00	0.00	0.00	0.64	0.00	0.00	0.00	0.00	0.00	0.00	0.00	0.00	0.00	0.00	0.09	0.00
卡车1	无人机1	第01次	距离115.02	负载186.00	到达时刻0.00  	离开时刻20.20 	完成时刻21.73 	等待时长20.20 	路线:84  162   11  179
卡车1	无人机1	第02次	距离61.18	负载58.00	到达时刻21.73 	离开时刻21.73 	完成时刻22.55 	等待时长0.00  	路线:179  185   28
卡车1	无人机1	第03次	距离157.18	负载86.00	到达时刻22.55 	离开时刻37.03 	完成时刻39.13 	等待时长14.48 	路线:14   17   55  150    4
卡车1	无人机1	第04次	距离26.41	负载70.00	到达时刻39.13 	离开时刻39.13 	完成时刻39.48 	等待时长0.00  	路线:4  109  129
卡车1	无人机2	第01次	距离115.56	负载148.00	到达时刻0.00  	离开时刻14.30 	完成时刻15.84 	等待时长14.30 	路线:20  10  31  32
卡车1	无人机2	第02次	距离203.79	负载160.00	到达时刻15.84 	离开时刻15.84 	完成时刻18.56 	等待时长0.00  	路线:32  12  79  84
卡车2	无人机1	第01次	距离216.71	负载178.00	到达时刻0.00  	离开时刻19.28 	完成时刻22.17 	等待时长19.28 	路线:173   97  152   42
卡车2	无人机1	第02次	距离176.85	负载168.00	到达时刻22.17 	离开时刻22.48 	完成时刻24.84 	等待时长0.31  	路线:42  140  131    7
卡车2	无人机1	第03次	距离68.01	负载67.00	到达时刻24.84 	离开时刻27.56 	完成时刻28.47 	等待时长2.72  	路线:7   38  134
卡车2	无人机1	第04次	距离155.46	负载137.00	到达时刻28.47 	离开时刻28.50 	完成时刻30.57 	等待时长0.03  	路线:134  187  193   87
卡车2	无人机1	第05次	距离210.53	负载200.00	到达时刻30.57 	离开时刻30.57 	完成时刻33.38 	等待时长0.00  	路线:87  89  19  30  25
卡车2	无人机1	第06次	距离293.41	负载182.00	到达时刻33.38 	离开时刻34.50 	完成时刻38.41 	等待时长1.12  	路线:25  122  148  160  144
卡车2	无人机2	第01次	距离327.49	负载194.00	到达时刻0.00  	离开时刻18.12 	完成时刻22.49 	等待时长18.12 	路线:135  130  147   53   39  182  123
卡车2	无人机2	第02次	距离469.38	负载22.00	到达时刻22.49 	离开时刻24.76 	完成时刻31.02 	等待时长2.27  	路线:123   52   87
卡车2	无人机2	第03次	距离261.39	负载156.00	到达时刻31.02 	离开时刻31.02 	完成时刻34.50 	等待时长0.00  	路线:87  43  56  37
卡车3	无人机1	第01次	距离102.70	负载168.00	到达时刻0.00  	离开时刻23.86 	完成时刻25.23 	等待时长23.86 	路线:96  175  197  143
卡车3	无人机1	第02次	距离187.65	负载195.00	到达时刻25.23 	离开时刻25.23 	完成时刻27.73 	等待时长0.00  	路线:143  192  107    2  100
卡车3	无人机1	第03次	距离70.61	负载168.00	到达时刻27.73 	离开时刻29.57 	完成时刻30.51 	等待时长1.84  	路线:100  138  181  168
卡车3	无人机1	第04次	距离113.42	负载169.00	到达时刻30.51 	离开时刻30.51 	完成时刻32.02 	等待时长0.00  	路线:168   99   69  133
卡车3	无人机1	第05次	距离215.29	负载198.00	到达时刻32.02 	离开时刻32.09 	完成时刻34.96 	等待时长0.07  	路线:133   61   49  172  119
卡车3	无人机2	第01次	距离63.09	负载142.00	到达时刻0.00  	离开时刻15.46 	完成时刻16.30 	等待时长15.46 	路线:80  108  110   44
卡车4	无人机1	第01次	距离99.36	负载141.00	到达时刻0.00  	离开时刻15.38 	完成时刻16.70 	等待时长15.38 	路线:177  161   71   15
卡车4	无人机1	第02次	距离73.77	负载141.00	到达时刻16.70 	离开时刻16.88 	完成时刻17.86 	等待时长0.18  	路线:15  155    3  116
卡车4	无人机1	第03次	距离87.32	负载180.00	到达时刻17.86 	离开时刻19.06 	完成时刻20.22 	等待时长1.20  	路线:116   50   35   93
卡车4	无人机1	第04次	距离105.46	负载54.00	到达时刻20.22 	离开时刻20.30 	完成时刻21.71 	等待时长0.08  	路线:93  183  156
卡车4	无人机1	第05次	距离53.60	负载140.00	到达时刻21.71 	离开时刻31.08 	完成时刻31.79 	等待时长9.37  	路线:156   73  120   94
卡车4	无人机1	第06次	距离255.62	负载62.00	到达时刻31.79 	离开时刻45.56 	完成时刻48.96 	等待时长13.77 	路线:111  167   26  186
卡车4	无人机2	第01次	距离133.44	负载147.00	到达时刻0.00  	离开时刻19.06 	完成时刻20.84 	等待时长19.06 	路线:116  105  198    8
卡车4	无人机2	第02次	距离204.61	负载187.00	到达时刻20.84 	离开时刻23.40 	完成时刻26.13 	等待时长2.56  	路线:8  114  146  149  191
卡车4	无人机2	第03次	距离68.65	负载99.00	到达时刻26.13 	离开时刻26.38 	完成时刻27.30 	等待时长0.25  	路线:191  103  132
卡车容量约束:-0.00 无人机容量约束:0.00 卡车最大行驶距离约束:-0.00 无人机最大行驶距离约束:-0.00 无人机同一起终点约束:0.00
卡车总路程C1:10764.0000 无人机总路程C2:4692.9402 完成时间C3:55.7383 目标函数:55.74
