个体:
125   31    3  102   52   44  123   97   13   17   15  124    2   50  116   66   23   24  126  108   62   85  117   94   77    7   41   29  119   45   69   61   90   38   60   96   93  127   86   43   21   75   83   74   14   49   82   56  125  126  127  125  126  127  106  112   91   18  125   59   70  115   88   89  105   51   34    6  126   48  121   54   64  101   20   95   84   76  127  125  126  127  125  126   30   27   55    1   46   63   79   36  109   25  118   68   47   22   40   65   80   58    4  107  127   10   57  120   33    5   32  125   92   81   87  114   11   19    9   28   78  126   37  103   12   39    8  113  127   35  100   99  110  122   73   16   42  125  126  127  125  126   67   72  104   71   98   53  127  125  126   26  111  127  125  126  127
卡车1 距离2150.00 负载667.00 工作时长56.99 路线:125   31    3  102   52   44  123   97   13   17   15  124    2   50  116   66   23   24  125
卡车每点到达时刻:0.00	13.06	14.40	15.02	15.96	16.52	16.88	17.54	18.54	21.44	21.78	23.36	30.82	38.47	39.79	40.73	44.59	47.45	56.99
卡车每点离开时刻:0.00	13.06	14.40	15.02	15.96	16.52	16.88	17.54	18.54	21.44	21.78	30.46	37.71	38.47	39.79	40.73	44.59	47.45	56.99
卡车每点等待时长:0.00	0.00	0.00	0.00	0.00	0.00	0.00	0.00	0.00	0.00	0.00	7.10	6.90	0.00	0.00	0.00	0.00	0.00	0.00
卡车2 距离2930.00 负载909.00 工作时长43.04 路线:126  108   62   85  117   94   77    7   41   29  119   45   69   61   90   38   60   96   93  126
卡车每点到达时刻:0.00	15.56	18.54	19.64	20.16	24.60	26.34	26.42	26.88	27.50	28.20	28.64	29.40	34.86	42.64	43.46	44.28	45.78	47.50	58.60
卡车每点离开时刻:0.00	15.56	18.54	19.64	20.16	24.60	26.34	26.42	26.88	27.50	28.20	28.64	29.40	34.86	42.64	43.46	44.28	45.78	47.50	58.60
卡车每点等待时长:0.00	0.00	0.00	0.00	0.00	0.00	0.00	0.00	0.00	0.00	0.00	0.00	0.00	0.00	0.00	0.00	0.00	0.00	0.00	0.00
卡车3 距离2930.00 负载583.00 工作时长39.94 路线:127   86   43   21   75   83   74   14   49   82   56  127
卡车每点到达时刻:0.00	14.22	18.66	27.04	29.30	32.52	43.12	44.54	46.58	48.20	49.16	58.60
卡车每点离开时刻:0.00	14.22	18.66	27.04	29.30	32.52	43.12	44.54	46.58	48.20	49.16	58.60
卡车每点等待时长:0.00	0.00	0.00	0.00	0.00	0.00	0.00	0.00	0.00	0.00	0.00	0.00
卡车1	无人机1	第01次	距离650.65	负载264.00	到达时刻0.00  	离开时刻21.78 	完成时刻30.46 	等待时长21.78 	路线:15   92   81   87  114   11   19    9   28   78  124
卡车1	无人机1	第02次	距离544.21	负载247.00	到达时刻30.46 	离开时刻30.46 	完成时刻37.71 	等待时长0.00  	路线:124   59   70  115   88   89  105   51   34    6    2
卡车2	无人机1	第01次	距离946.37	负载193.00	到达时刻0.00  	离开时刻0.00  	完成时刻12.62 	等待时长0.00  	路线:126   26  111  108
卡车2	无人机1	第02次	距离726.98	负载451.00	到达时刻12.62 	离开时刻15.56 	完成时刻25.25 	等待时长2.94  	路线:108   30   27   55    1   46   63   79   36  109   25  118   68   47   22   40   65   80   58    4  107   77
卡车2	无人机1	第03次	距离209.49	负载293.00	到达时刻25.25 	离开时刻26.34 	完成时刻29.13 	等待时长1.09  	路线:77   67   72  104   71   98   53   69
卡车2	无人机1	第04次	距离406.79	负载469.00	到达时刻29.13 	离开时刻29.40 	完成时刻34.82 	等待时长0.27  	路线:69   37  103   12   39    8  113   61
卡车2	无人机1	第05次	距离869.51	负载209.00	到达时刻34.82 	离开时刻34.86 	完成时刻46.45 	等待时长0.04  	路线:61   48  121   54   64  101   20   95   84   76   93
卡车3	无人机1	第01次	距离491.60	负载319.00	到达时刻0.00  	离开时刻18.66 	完成时刻25.21 	等待时长18.66 	路线:43  106  112   91   18   21
卡车3	无人机1	第02次	距离168.40	负载447.00	到达时刻25.21 	离开时刻27.04 	完成时刻29.29 	等待时长1.83  	路线:21   10   57  120   33    5   32   75
卡车3	无人机1	第03次	距离989.38	负载485.00	到达时刻29.29 	离开时刻29.30 	完成时刻42.49 	等待时长0.01  	路线:75   35  100   99  110  122   73   16   42   74
卡车容量约束:-0.00 无人机容量约束:-0.00 卡车最大行驶距离约束:-0.00 无人机最大行驶距离约束:-0.00 无人机同一起终点约束:0.00
卡车总路程C1:8010.0000 无人机总路程C2:6003.3784 完成时间C3:58.6000 目标函数:58.60
