个体:
100   10   30   45   77   83   91   78   12  101    4    5    6    7    9   13   15   17   18   23   26   27   34   35   36   39   40   43   46   48   49   52   53   56   58   59   61   62   63   65   66   72   74   76   75   73   71   70   69   68   67   64   60   57   55   54   51   50   47   44   42   41   38   37   33   32   31   29   28   25   24   22   21   20   19   16   14   11    8    3    2    1  100  101  100  101   86   85   84   79  100   90   93   95  101  100  101  100   99  101  100  101  100   80   81   82  101  100   87   88   89  101  100  101  100   94   96   98   97   92  101  100  101  100  101  100  101  100  101  100  101  100  101  100  101  100  101  100  101  100  101
卡车1 距离1823.57 负载8.68 工作时长1840.87 路线:100   10   30   45   77   83   91   78   12  100
卡车每点到达时刻:0.00	 101.85	 299.72	 453.97	 774.00	 829.68	 911.78	1043.07	1718.87	1840.87
卡车每点离开时刻:0.00	 101.85	 299.72	 453.97	 774.00	 829.68	 911.78	1060.37	1718.87	1840.87
卡车每点等待时长:0.00	 0.00	 0.00	 0.00	 0.00	 0.00	 0.00	17.30	 0.00	 0.00
卡车2 距离1721.85 负载91.32 工作时长1778.85 路线:101    4    5    6    7    9   13   15   17   18   23   26   27   34   35   36   39   40   43   46   48   49   52   53   56   58   59   61   62   63   65   66   72   74   76   75   73   71   70   69   68   67   64   60   57   55   54   51   50   47   44   42   41   38   37   33   32   31   29   28   25   24   22   21   20   19   16   14   11    8    3    2    1  101
卡车每点到达时刻:0.00	  42.78	  60.28	  74.32	  85.16	 106.11	 147.78	 169.31	 194.57	 207.32	 260.01	 290.12	 304.18	 373.81	 390.24	 407.19	 434.00	 448.54	 485.73	 512.27	 538.35	 546.27	 580.55	 587.40	 624.67	 645.63	 654.64	 672.98	 693.77	 702.04	 724.61	 736.76	 798.86	 818.79	 845.12	 850.13	 975.52	 996.25	1009.70	1028.23	1044.93	1058.55	1086.86	1132.21	1161.79	1185.31	1200.06	1228.31	1240.09	1275.97	1309.12	1332.20	1348.15	1375.59	1387.94	1430.73	1448.32	1459.05	1478.72	1492.57	1529.15	1541.25	1566.38	1580.22	1588.87	1604.01	1636.26	1660.21	1691.92	1725.22	1779.20	1798.49	1809.31	1821.63
卡车每点离开时刻:0.00	  42.78	  60.28	  74.32	  85.16	 106.11	 147.78	 169.31	 194.57	 207.32	 260.01	 290.12	 304.18	 373.81	 390.24	 407.19	 434.00	 448.54	 485.73	 512.27	 538.35	 546.27	 580.55	 587.40	 624.67	 645.63	 654.64	 672.98	 693.77	 702.04	 724.61	 736.76	 798.86	 818.79	 845.12	 949.91	 975.52	 996.25	1009.70	1028.23	1044.93	1058.55	1086.86	1132.21	1161.79	1185.31	1200.06	1228.31	1240.09	1275.97	1309.12	1332.20	1348.15	1375.59	1387.94	1430.73	1448.32	1459.05	1478.72	1492.57	1529.15	1541.25	1566.38	1580.22	1588.87	1604.01	1636.26	1660.21	1691.92	1725.22	1779.20	1798.49	1809.31	1821.63
卡车每点等待时长:0.00	 0.00	 0.00	 0.00	 0.00	 0.00	 0.00	 0.00	 0.00	 0.00	 0.00	 0.00	 0.00	 0.00	 0.00	 0.00	 0.00	 0.00	 0.00	 0.00	 0.00	 0.00	 0.00	 0.00	 0.00	 0.00	 0.00	 0.00	 0.00	 0.00	 0.00	 0.00	 0.00	 0.00	 0.00	99.78	 0.00	 0.00	 0.00	 0.00	 0.00	 0.00	 0.00	 0.00	 0.00	 0.00	 0.00	 0.00	 0.00	 0.00	 0.00	 0.00	 0.00	 0.00	 0.00	 0.00	 0.00	 0.00	 0.00	 0.00	 0.00	 0.00	 0.00	 0.00	 0.00	 0.00	 0.00	 0.00	 0.00	 0.00	 0.00	 0.00	 0.00	 0.00
卡车1	无人机1	第01次	距离63.28	负载3.80	到达时刻0.00  	离开时刻774.00	完成时刻805.63	等待时长774.00	路线:77  80  81  82  83
卡车1	无人机1	第02次	距离162.79	负载4.79	到达时刻805.63	离开时刻829.68	完成时刻911.07	等待时长24.04 	路线:83  90  93  95  91
卡车1	无人机1	第03次	距离297.18	负载0.85	到达时刻911.07	离开时刻911.78	完成时刻1060.37	等待时长0.72  	路线:91  99  78
卡车1	无人机2	第01次	距离82.92	负载4.74	到达时刻0.00  	离开时刻829.68	完成时刻871.14	等待时长829.68	路线:83  87  88  89  91
卡车1	无人机2	第02次	距离277.79	负载4.50	到达时刻871.14	离开时刻911.78	完成时刻1050.68	等待时长40.65 	路线:91  94  96  98  97  92  78
卡车2	无人机2	第01次	距离209.59	负载4.76	到达时刻0.00  	离开时刻845.12	完成时刻949.91	等待时长845.12	路线:76  86  85  84  79  75
卡车容量约束:-0.00 无人机容量约束:-0.00 卡车最大行驶距离约束:-0.00 无人机最大行驶距离约束:-0.00 无人机同一起终点约束:0.00
卡车总路程C1:3545.4200 无人机总路程C2:1093.5392 完成时间C3:1840.8706 目标函数:1840.87
