个体:
125   31    3  102   52   44  123   97   13   17   15  124    2   50  116   66   23   24  126  108   62   85  117   94   77    7   41   29  119   45   69   61   90   38   60   96   93  127   86   43   21   75   83   74   14   49   82   56  125  126  127  125  126  127  125  126  127  125  126   26  127   35  100   99  110  122   73   16  125  126   37  103   12   39    8  113  127  125   42   81   92   87  114   11   19    9   28   78  126   48  121   54   64  101   20   95   84  111  127  125   59   70  115   88   89  105   51   34    6  126  127   76  106  112   91   18  125  126  127  125  126   67   72  104   71   98   53  127   10   57  120   33    5   32  125  126   30   27   55    1   46   79   63   36  109   25  118   68   47   22   40   65   80   58    4  107  127
卡车1 距离2150.00 负载667.00 工作时长51.69 路线:125   31    3  102   52   44  123   97   13   17   15  124    2   50  116   66   23   24  125
卡车每点到达时刻:0.00	13.06	14.40	15.02	15.96	16.52	16.88	17.54	18.54	21.44	21.78	23.36	25.51	33.17	34.49	35.43	39.29	42.15	51.69
卡车每点离开时刻:0.00	13.06	14.40	15.02	15.96	16.52	16.88	17.54	18.54	21.44	21.78	25.15	32.41	33.17	34.49	35.43	39.29	42.15	51.69
卡车每点等待时长:0.00	0.00	0.00	0.00	0.00	0.00	0.00	0.00	0.00	0.00	0.00	1.79	6.90	0.00	0.00	0.00	0.00	0.00	0.00
卡车2 距离2930.00 负载909.00 工作时长43.04 路线:126  108   62   85  117   94   77    7   41   29  119   45   69   61   90   38   60   96   93  126
卡车每点到达时刻:0.00	15.56	18.54	19.64	20.16	24.60	26.34	26.42	26.88	27.50	28.20	28.64	29.40	34.86	42.64	43.46	44.28	45.78	47.50	58.60
卡车每点离开时刻:0.00	15.56	18.54	19.64	20.16	24.60	26.34	26.42	26.88	27.50	28.20	28.64	29.40	34.86	42.64	43.46	44.28	45.78	47.50	58.60
卡车每点等待时长:0.00	0.00	0.00	0.00	0.00	0.00	0.00	0.00	0.00	0.00	0.00	0.00	0.00	0.00	0.00	0.00	0.00	0.00	0.00	0.00
卡车3 距离2930.00 负载583.00 工作时长39.94 路线:127   86   43   21   75   83   74   14   49   82   56  127
卡车每点到达时刻:0.00	14.22	18.66	27.04	29.30	32.52	43.12	44.54	46.58	48.20	49.16	58.60
卡车每点离开时刻:0.00	14.22	18.66	27.04	29.30	32.52	43.12	44.54	46.58	48.20	49.16	58.60
卡车每点等待时长:0.00	0.00	0.00	0.00	0.00	0.00	0.00	0.00	0.00	0.00	0.00	0.00
卡车1	无人机1	第01次	距离689.59	负载283.00	到达时刻0.00  	离开时刻15.96 	完成时刻25.15 	等待时长15.96 	路线:52   42   81   92   87  114   11   19    9   28   78  124
卡车1	无人机1	第02次	距离544.21	负载247.00	到达时刻25.15 	离开时刻25.15 	完成时刻32.41 	等待时长0.00  	路线:124   59   70  115   88   89  105   51   34    6    2
卡车2	无人机1	第01次	距离766.34	负载96.00	到达时刻0.00  	离开时刻0.00  	完成时刻10.22 	等待时长0.00  	路线:126   26  108
卡车2	无人机1	第02次	距离727.42	负载451.00	到达时刻10.22 	离开时刻15.56 	完成时刻25.26 	等待时长5.34  	路线:108   30   27   55    1   46   79   63   36  109   25  118   68   47   22   40   65   80   58    4  107   77
卡车2	无人机1	第03次	距离209.49	负载293.00	到达时刻25.26 	离开时刻26.34 	完成时刻29.13 	等待时长1.08  	路线:77   67   72  104   71   98   53   69
卡车2	无人机1	第04次	距离406.79	负载469.00	到达时刻29.13 	离开时刻29.40 	完成时刻34.82 	等待时长0.27  	路线:69   37  103   12   39    8  113   61
卡车2	无人机1	第05次	距离895.75	负载267.00	到达时刻34.82 	离开时刻34.86 	完成时刻46.80 	等待时长0.04  	路线:61   48  121   54   64  101   20   95   84  111   93
卡车3	无人机1	第01次	距离691.98	负载358.00	到达时刻0.00  	离开时刻14.22 	完成时刻23.45 	等待时长14.22 	路线:86   76  106  112   91   18   21
卡车3	无人机1	第02次	距离168.40	负载447.00	到达时刻23.45 	离开时刻27.04 	完成时刻29.29 	等待时长3.59  	路线:21   10   57  120   33    5   32   75
卡车3	无人机1	第03次	距离974.35	负载466.00	到达时刻29.29 	离开时刻29.30 	完成时刻42.29 	等待时长0.01  	路线:75   35  100   99  110  122   73   16   74
卡车容量约束:-0.00 无人机容量约束:-0.00 卡车最大行驶距离约束:-0.00 无人机最大行驶距离约束:-0.00 无人机同一起终点约束:0.00
卡车总路程C1:8010.0000 无人机总路程C2:6074.3315 完成时间C3:58.6000 目标函数:58.60
