/*The number of Drones(carried by each truck)*/
1
/*The number of Trucks*/
5
/*The maximum capacity of the Truck*/
1000000.0
/*The maximum capacity of the Drone*/
5.0
/*The maximum distance of the Truck*/
1000000.0
/*The maximum distance of the Drone*/
100.0
/*The speed of the Truck*/
1.0
/*The speed of the Drone*/
2.0
/*Number of Nodes*/
200
/*The Depot*/
0.0 0.0 depot
/*The Locations (x_coor y_coor name demand)*/
-95.804 17.505 loc1 1.85
17.371 -27.256 loc2 1.43
-41.115 8.121 loc3 1.43
26.645 40.179 loc4 1.83
-6.068 48.049 loc5 0.6
-15.361 6.666 loc6 1.39
-43.976 -77.765 loc7 0.89
15.599 36.399 loc8 1.41
-1.091 42.471 loc9 1.46
-72.827 -84.344 loc10 1.75
37.684 -25.218 loc11 1.11
56.846 -102.803 loc12 1.42
-55.547 10.910 loc13 1.63
-57.500 -88.990 loc14 1.38
-20.994 -48.594 loc15 1.97
-71.681 7.331 loc16 1.75
-45.962 52.022 loc17 1.89
14.195 101.704 loc18 1.86
23.826 86.500 loc19 1.38
38.246 -103.977 loc20 1.24
-74.302 -95.445 loc21 1.8
-113.651 42.631 loc22 0.65
-45.494 -35.677 loc23 1.63
22.898 -64.569 loc24 1.27
-27.836 -6.060 loc25 1.25
19.163 -47.858 loc26 1.54
10.213 25.884 loc27 0.64
-102.608 6.629 loc28 0.91
-76.206 -99.966 loc29 1.76
-82.231 -85.856 loc30 0.99
23.523 17.665 loc31 0.86
80.882 -101.854 loc32 0.78
1.147 -33.346 loc33 0.56
-10.288 -57.604 loc34 1.56
35.482 -1.445 loc35 1.11
27.058 46.120 loc36 1.69
14.293 -17.457 loc37 0.7
44.200 36.541 loc38 0.67
-91.698 15.643 loc39 1.37
-19.555 55.258 loc40 1.78
-14.911 -0.956 loc41 1.51
69.051 -97.905 loc42 1.05
-54.986 -98.720 loc43 0.91
-111.197 45.898 loc44 0.73
16.879 54.910 loc45 1.29
-15.654 95.785 loc46 1.37
-1.402 -56.134 loc47 0.65
27.625 31.027 loc48 1.93
24.809 15.202 loc49 0.81
112.478 55.467 loc50 1.42
59.105 -11.491 loc51 0.96
-39.332 19.716 loc52 1.72
74.125 -71.314 loc53 1.49
7.809 -57.798 loc54 1.4
62.690 -30.060 loc55 1.83
40.004 -25.709 loc56 1.57
-47.272 37.787 loc57 0.52
11.130 31.402 loc58 1.77
-24.623 39.020 loc59 1.71
19.788 9.230 loc60 1.5
-76.188 27.172 loc61 1.09
93.999 24.277 loc62 0.64
40.921 -9.726 loc63 1.86
79.595 41.581 loc64 0.51
-69.118 -104.433 loc65 1.58
-39.618 -15.059 loc66 1.22
51.167 10.951 loc67 0.87
-73.122 44.170 loc68 1.32
17.984 7.527 loc69 1.1
-111.553 43.719 loc70 0.66
-118.273 50.516 loc71 1.53
26.835 -22.664 loc72 0.83
-21.742 105.862 loc73 0.88
-114.521 49.350 loc74 1.35
52.050 -90.751 loc75 1.98
44.780 -91.680 loc76 1.65
-15.506 -10.987 loc77 1.32
22.379 19.234 loc78 1.27
-12.164 32.834 loc79 1.06
84.348 20.891 loc80 1.16
44.938 -19.567 loc81 1.37
62.231 -100.013 loc82 1.11
-8.744 -28.442 loc83 0.83
-73.417 -64.135 loc84 0.75
-34.411 30.483 loc85 1.61
-43.112 -22.837 loc86 1.01
-1.723 46.835 loc87 1.3
82.552 -80.121 loc88 1.29
-71.060 28.624 loc89 1.66
82.599 -75.848 loc90 1.14
-92.382 9.483 loc91 1.18
39.689 -11.042 loc92 0.87
-83.774 17.698 loc93 0.94
-20.662 -28.550 loc94 0.64
-12.469 -18.010 loc95 1.93
23.827 25.720 loc96 0.97
-13.972 -43.150 loc97 0.75
-5.350 -18.295 loc98 0.89
-53.280 -60.320 loc99 1.15
-37.334 -23.506 loc100 1.93
20.795 37.273 loc101 0.52
24.734 112.480 loc102 1.19
-44.794 -27.625 loc103 0.87
-22.169 -18.670 loc104 0.88
-97.418 48.924 loc105 0.94
-72.725 -64.434 loc106 1.87
76.181 -105.581 loc107 1.54
-64.398 -70.003 loc108 1.09
-12.474 -41.715 loc109 0.74
-33.068 36.685 loc110 1.42
-14.250 -7.369 loc111 0.54
72.370 19.278 loc112 1.26
-41.921 -10.500 loc113 0.66
79.989 -69.735 loc114 0.6
39.920 -86.071 loc115 0.51
38.331 -59.653 loc116 1.15
-62.162 -21.786 loc117 1.17
-28.622 -34.544 loc118 0.9
37.827 11.402 loc119 1.14
46.369 -5.966 loc120 1.15
16.784 15.483 loc121 1.66
31.980 54.100 loc122 1.52
-104.718 53.099 loc123 0.6
112.947 18.305 loc124 1.39
44.729 -7.573 loc125 1.92
-28.496 -8.652 loc126 1.24
-13.915 33.093 loc127 0.77
-94.582 51.283 loc128 1.28
76.256 7.367 loc129 1.65
47.784 -99.750 loc130 1.12
86.897 33.216 loc131 1.99
114.895 48.671 loc132 1.89
47.286 38.400 loc133 1.13
77.535 10.827 loc134 0.77
59.475 5.419 loc135 1.82
-21.376 102.313 loc136 0.77
8.257 -31.603 loc137 0.57
-109.851 36.072 loc138 1.77
-105.646 18.246 loc139 1.19
49.518 7.065 loc140 0.63
-63.970 -60.398 loc141 1.59
16.267 97.431 loc142 0.63
-84.256 43.145 loc143 1.39
18.356 -47.602 loc144 1.29
-4.941 -32.265 loc145 1.68
-24.821 -5.422 loc146 1.53
-37.010 26.068 loc147 0.63
83.734 -93.331 loc148 0.96
-41.506 37.271 loc149 1.03
-26.332 23.045 loc150 0.9
-29.892 -3.304 loc151 1.72
80.144 13.209 loc152 1.38
81.364 -65.766 loc153 1.43
-57.479 -11.761 loc154 1.92
50.660 -65.718 loc155 1.22
107.519 40.160 loc156 1.32
56.556 -103.914 loc157 0.82
-84.344 19.302 loc158 0.7
68.881 -69.360 loc159 1.26
46.975 -62.566 loc160 1.18
69.388 -105.403 loc161 0.81
49.832 -16.092 loc162 0.72
-77.711 -77.867 loc163 1.45
-78.912 47.459 loc164 1.08
-80.640 -78.765 loc165 1.41
-10.168 87.089 loc166 1.66
-78.810 -88.105 loc167 1.36
47.625 23.607 loc168 0.78
22.799 -25.558 loc169 0.93
27.529 18.069 loc170 1.49
6.648 100.005 loc171 1.14
14.554 -16.049 loc172 0.51
4.598 26.632 loc173 0.92
-45.809 -96.160 loc174 1.66
21.652 10.566 loc175 1.1
-109.662 44.856 loc176 1.32
46.525 -29.791 loc177 1.51
80.105 29.596 loc178 1.87
19.247 124.376 loc179 1.66
-44.250 -105.028 loc180 1.0
-5.600 92.649 loc181 1.03
-1.172 77.787 loc182 1.16
85.266 43.394 loc183 1.41
29.521 27.802 loc184 1.23
-46.185 44.525 loc185 1.55
8.487 30.576 loc186 1.91
22.691 -5.942 loc187 1.22
-55.552 -16.857 loc188 1.84
-52.998 -26.407 loc189 1.92
36.878 7.795 loc190 1.51
29.307 18.428 loc191 1.73
95.425 13.752 loc192 0.99
-11.440 26.763 loc193 0.94
47.995 29.582 loc194 1.85
22.322 -25.680 loc195 0.81
18.969 -4.806 loc196 1.23
35.392 -27.885 loc197 1.77
-62.369 -73.762 loc198 1.03
-47.907 -32.582 loc199 1.02