/*The number of Drones(carried by each truck)*/
2
/*The number of Trucks*/
4
/*The maximum capacity of the Truck*/
1000000.0
/*The maximum capacity of the Drone*/
200.0
/*The maximum distance of the Truck*/
1000000.0
/*The maximum distance of the Drone*/
500.0		
/*The speed of the Truck*/		
50		
/*The speed of the Drone*/		
75	
/*Number of Nodes*/		
200
/*The Depot*/		
957	135	0
/*The Locations (x_coor y_coor name demand)*/
149 141 loc1 83
1 96 loc2 52
228 268 loc3 73
781 529 loc4 70
867 797 loc5 86
109 53 loc6 51
13 449 loc7 74
133 293 loc8 84
259 172 loc9 52
908 678 loc10 93
930 867 loc11 91
903 766 loc12 89
143 263 loc13 64
735 501 loc14 75
259 253 loc15 64
59 62 loc16 61
737 464 loc17 2
925 587 loc18 86
16 404 loc19 95
893 720 loc20 100
131 188 loc21 73
226 228 loc22 61
285 68 loc23 83
113 323 loc24 60
67 307 loc25 85
797 381 loc26 48
804 573 loc27 66
892 838 loc28 70
307 141 loc29 91
40 347 loc30 54
933 708 loc31 55
906 725 loc32 64
242 231 loc33 56
310 255 loc34 62
183 308 loc35 89
57 153 loc36 100
122 254 loc37 96
1 437 loc38 67
83 548 loc39 21
872 427 loc40 15
118 317 loc41 55
100 402 loc42 58
54 335 loc43 84
180 118 loc44 85
875 774 loc45 91
792 774 loc46 55
92 166 loc47 79
890 821 loc48 79
184 6 loc49 82
189 299 loc50 91
230 234 loc51 89
61 728 loc52 22
147 501 loc53 31
180 371 loc54 85
756 455 loc55 22
121 248 loc56 72
747 756 loc57 59
890 825 loc58 95
275 63 loc59 99
67 131 loc60 98
96 15 loc61 54
709 611 loc62 96
893 822 loc63 69
121 170 loc64 97
770 580 loc65 67
122 320 loc66 80
695 626 loc67 65
712 670 loc68 86
101 98 loc69 90
824 813 loc70 72
256 265 loc71 69
726 553 loc72 80
248 359 loc73 72
864 742 loc74 62
149 74 loc75 78
872 329 loc76 24
847 817 loc77 88
864 575 loc78 70
976 818 loc79 71
193 126 loc80 76
79 88 loc81 93
97 403 loc82 64
284 424 loc83 80
907 842 loc84 91
808 590 loc85 75
146 120 loc86 81
66 480 loc87 79
824 634 loc88 71
9 421 loc89 51
152 157 loc90 65
318 223 loc91 68
853 307 loc92 39
184 277 loc93 69
268 379 loc94 55
183 236 loc95 100
93 217 loc96 98
207 439 loc97 87
280 417 loc98 55
80 110 loc99 79
20 67 loc100 68
142 384 loc101 99
165 63 loc102 52
62 410 loc103 99
176 261 loc104 85
223 301 loc105 77
830 608 loc106 51
7 164 loc107 55
188 108 loc108 54
770 537 loc109 70
168 99 loc110 88
641 321 loc111 9
174 165 loc112 91
886 816 loc113 65
53 303 loc114 67
216 377 loc115 93
214 261 loc116 70
104 44 loc117 73
393 114 loc118 98
222 51 loc119 64
261 355 loc120 68
894 577 loc121 100
35 285 loc122 66
93 509 loc123 8
127 150 loc124 98
873 468 loc125 15
60 105 loc126 71
133 232 loc127 92
147 252 loc128 72
778 547 loc129 76
227 403 loc130 76
46 419 loc131 93
82 381 loc132 97
83 80 loc133 79
43 466 loc134 99
246 330 loc135 58
337 216 loc136 84
83 205 loc137 82
9 55 loc138 86
127 123 loc139 77
121 449 loc140 75
72 189 loc141 59
771 491 loc142 24
73 201 loc143 69
181 188 loc144 95
727 549 loc145 83
26 332 loc146 53
221 419 loc147 56
17 212 loc148 57
59 359 loc149 67
798 525 loc150 62
714 613 loc151 62
91 419 loc152 91
229 353 loc153 60
875 568 loc154 71
241 285 loc155 68
236 368 loc156 84
45 86 loc157 64
446 310 loc158 71
128 366 loc159 82
163 168 loc160 59
322 272 loc161 72
958 864 loc162 95
754 814 loc163 63
136 184 loc164 94
111 119 loc165 92
120 300 loc166 98
686 372 loc167 14
32 68 loc168 85
224 70 loc169 52
113 76 loc170 85
228 73 loc171 96
216 34 loc172 62
218 360 loc173 76
157 167 loc174 72
58 242 loc175 94
84 263 loc176 52
330 253 loc177 51
903 822 loc178 54
900 858 loc179 96
270 381 loc180 96
15 37 loc181 82
79 523 loc182 10
207 329 loc183 54
130 274 loc184 82
870 860 loc185 58
791 305 loc186 28
13 535 loc187 37
800 823 loc188 90
224 244 loc189 91
580 504 loc190 95
88 389 loc191 89
3 172 loc192 88
62 499 loc193 100
791 692 loc194 87
186 373 loc195 66
300 26 loc196 88
52 204 loc197 74
163 305 loc198 70
135 270 loc199 80